age_month gender vitD_level group
60 F 47.5 1
50 M 39 1
35 F 13.6 1
50 F 16.7 1
61 F 32.7 0
55 F 23.2 0
54 F 36.4 0
60 F 38.1 1
47 F 28.2 1
65 M 34.1 1
22 F 25.7 1
52 M 39.9 1
50 F 45.2 1
51 F 47.8 0
33 F 42.4 0
60 F 39.3 1
65 F 23.4 1
74 F 36.6 0
51 F 18.4 1
57 F 87.2 0
51 F 35.1 0
54 F 38.5 1
53 F 28.2 1
56 F 30.6 1
47 F 52.5 0
46 M 23.3 0
41 M 45.4 1
49 F 38.6 0
66 M 46 1
48 M 51.3 1
51 F 26 0
29 F 22 1
60 F 23.7 1
55 F 81.8 1
41 F 36.6 1
28 M 31.6 1
58 F 51.8 0
52 F 63.1 0
65 F 27.8 0
65 F 50.8 0
50 F 13.7 0
58 M 26.3 1
29 F 35.8 1
55 M 18.8 1
42 F 27.9 1
49 F 47.1 0
51 M 60.3 1
47 F 32.3 0
55 F 29.7 1
57 F 60.8 1
48 F 17 0
49 F 14.7 1
54 M 13.6 1
83 F 54.8 1
45 F 84.6 0
46 F 30.9 0
57 F 13.8 1
57 F 24.9 1
40 M 45.5 1
57 M 28.6 0
27 F 63.6 1
45 F 21.1 0
27 F 19.2 1
51 M 24 0
50 M 50.1 0
50 F 26.1 1
64 F 16.1 1
52 M 34.7 1
56 M 16 0
63 M 26.8 0
53 M 37.4 1
38 F 39.7 0
40 M 44.8 0
49 F NA 0
54 F 31.3 0
25 F 32.7 1
63 F 31.5 1
50 M 40.6 1
64 M 48 0
51 F 39.5 1
49 F 46.3 1
57 F 31.3 1
50 F 27 1
71 F 46.6 0
51 F 50.9 1
48 M 31.3 0
47 F 15.1 0
